{
  "metadata": {
    "name": "basic_matrices",
    "description": "Basic random matrices for multiplication testing",
    "type": "float32",
    "generated_at": "2025-08-27T19:18:19.669465"
  },
  "test_cases": [
    {
      "id": 0,
      "name": "basic_10x10_10x10_sample_0",
      "matrix_a_shape": [
        10,
        10
      ],
      "matrix_b_shape": [
        10,
        10
      ],
      "matrix_a": [
        [
          0.49671414494514465,
          -0.13826429843902588,
          0.6476885676383972,
          1.5230298042297363,
          -0.2341533750295639,
          -0.23413695394992828,
          1.5792127847671509,
          0.7674347162246704,
          -0.4694743752479553,
          0.5425600409507751
        ],
        [
          -0.4634176790714264,
          -0.4657297432422638,
          0.241962268948555,
          -1.9132802486419678,
          -1.7249178886413574,
          -0.5622875094413757,
          -1.0128310918807983,
          0.31424733996391296,
          -0.9080240726470947,
          -1.4123036861419678
        ],
        [
          1.4656487703323364,
          -0.2257762998342514,
          0.06752820312976837,
          -1.424748182296753,
          -0.5443827509880066,
          0.11092258989810944,
          -1.1509935855865479,
          0.3756980299949646,
          -0.6006386876106262,
          -0.2916937470436096
        ],
        [
          -0.6017066240310669,
          1.852278232574463,
          -0.013497225008904934,
          -1.057710886001587,
          0.8225449323654175,
          -1.2208436727523804,
          0.20886360108852386,
          -1.959670066833496,
          -1.32818603515625,
          0.19686123728752136
        ],
        [
          0.7384665608406067,
          0.1713682860136032,
          -0.1156482845544815,
          -0.3011036813259125,
          -1.4785219430923462,
          -0.7198442220687866,
          -0.46063876152038574,
          1.0571222305297852,
          0.3436183035373688,
          -1.7630401849746704
        ],
        [
          0.32408398389816284,
          -0.38508227467536926,
          -0.6769220232963562,
          0.6116762757301331,
          1.0309995412826538,
          0.9312801361083984,
          -0.8392175436019897,
          -0.3092123866081238,
          0.3312634229660034,
          0.9755451083183289
        ],
        [
          -0.4791742265224457,
          -0.18565897643566132,
          -1.106334924697876,
          -1.1962065696716309,
          0.8125258088111877,
          1.3562400341033936,
          -0.07201012223958969,
          1.003532886505127,
          0.3616360127925873,
          -0.6451197266578674
        ],
        [
          0.36139559745788574,
          1.538036584854126,
          -0.03582603856921196,
          1.5646436214447021,
          -2.6197450160980225,
          0.8219025135040283,
          0.08704707026481628,
          -0.2990073561668396,
          0.0917607769370079,
          -1.9875688552856445
        ],
        [
          -0.21967189013957977,
          0.3571125566959381,
          1.4778940677642822,
          -0.5182701945304871,
          -0.8084936141967773,
          -0.501757025718689,
          0.9154021143913269,
          0.3287511169910431,
          -0.5297601819038391,
          0.513267457485199
        ],
        [
          0.09707754850387573,
          0.9686449766159058,
          -0.7020530700683594,
          -0.3276621401309967,
          -0.39210814237594604,
          -1.4635149240493774,
          0.296120285987854,
          0.26105526089668274,
          0.00511345686390996,
          -0.23458713293075562
        ]
      ],
      "matrix_b": [
        [
          -1.4153707027435303,
          -0.4206453263759613,
          -0.3427145183086395,
          -0.8022772669792175,
          -0.16128571331501007,
          0.4040508568286896,
          1.886185884475708,
          0.17457781732082367,
          0.2575503885746002,
          -0.07444591820240021
        ],
        [
          -1.9187712669372559,
          -0.026513874530792236,
          0.06023021042346954,
          2.4632420539855957,
          -0.19236096739768982,
          0.3015473484992981,
          -0.034711770713329315,
          -1.1686780452728271,
          1.1428228616714478,
          0.7519330382347107
        ],
        [
          0.7910319566726685,
          -0.909387469291687,
          1.402794361114502,
          -1.4018510580062866,
          0.5868570804595947,
          2.190455675125122,
          -0.9905363321304321,
          -0.566297709941864,
          0.09965136647224426,
          -0.5034756660461426
        ],
        [
          -1.5506634712219238,
          0.06856297701597214,
          -1.0623036623001099,
          0.4735924303531647,
          -0.9194242358207703,
          1.5499343872070312,
          -0.7832533121109009,
          -0.3220615088939667,
          0.8135172128677368,
          -1.2308642864227295
        ],
        [
          0.22745993733406067,
          1.307142734527588,
          -1.6074832677841187,
          0.18463386595249176,
          0.2598828077316284,
          0.7818228602409363,
          -1.2369507551193237,
          -1.320456624031067,
          0.5219415426254272,
          0.2969846725463867
        ],
        [
          0.2504928410053253,
          0.34644821286201477,
          -0.6800247430801392,
          0.23225370049476624,
          0.2930724620819092,
          -0.7143514156341553,
          1.8657745122909546,
          0.4738329350948334,
          -1.1913034915924072,
          0.6565536260604858
        ],
        [
          -0.9746816754341125,
          0.7870845794677734,
          1.1585955619812012,
          -0.8206823468208313,
          0.9633761048316956,
          0.4127809405326843,
          0.8220601677894592,
          1.896793007850647,
          -0.24538812041282654,
          -0.753736138343811
        ],
        [
          -0.8895144462585449,
          -0.8158102631568909,
          -0.0771017074584961,
          0.34115198254585266,
          0.276690810918808,
          0.8271832466125488,
          0.013001891784369946,
          1.4535341262817383,
          -0.26465684175491333,
          2.7201690673828125
        ],
        [
          0.6256673336029053,
          -0.8571575284004211,
          -1.0708924531936646,
          0.48247241973876953,
          -0.2234627902507782,
          0.7140005230903625,
          0.47323763370513916,
          -0.07282891124486923,
          -0.8467937111854553,
          -1.5148472785949707
        ],
        [
          -0.44651496410369873,
          0.8563988208770752,
          0.21409374475479126,
          -1.2457387447357178,
          0.17318092286586761,
          0.3853173851966858,
          -0.8838574290275574,
          0.15372510254383087,
          0.05820871889591217,
          -1.142970323562622
        ]
      ],
      "expected_result": [
        [
          -5.156881332397461,
          0.40691500902175903,
          2.0371251106262207,
          -2.9599766731262207,
          0.72939133644104,
          5.083054542541504,
          -0.43352580070495605,
          3.817784070968628,
          1.2686879634857178,
          -1.5766513347625732
        ],
        [
          4.9447455406188965,
          -4.0781779289245605,
          5.130163192749023,
          -0.2101137638092041,
          0.5219144821166992,
          -5.060696601867676,
          1.4755635261535645,
          1.338468074798584,
          -1.562355875968933,
          5.643974304199219
        ],
        [
          1.0675675868988037,
          -2.3901753425598145,
          1.1102683544158936,
          -1.4298092126846313,
          0.12646949291229248,
          -2.746670722961426,
          3.733973503112793,
          0.07353413105010986,
          -0.7745031118392944,
          4.484726905822754
        ],
        [
          -0.5710249543190002,
          3.8661417961120605,
          2.788003444671631,
          2.705660104751587,
          0.5511585474014282,
          -2.2455849647521973,
          -4.308993339538574,
          -5.911364555358887,
          4.587306499481201,
          -1.512057900428772
        ],
        [
          -1.0043466091156006,
          -5.442052841186523,
          1.4204483032226562,
          2.509767532348633,
          -1.0716878175735474,
          -0.7613756656646729,
          3.5790834426879883,
          2.069127082824707,
          -0.34492814540863037,
          4.308335304260254
        ],
        [
          0.1286889612674713,
          2.3449463844299316,
          -5.118600845336914,
          -0.03548252582550049,
          -1.1960878372192383,
          -0.36885762214660645,
          -0.12105309963226318,
          -2.142594575881958,
          -0.4337330460548401,
          -1.633527159690857
        ],
        [
          2.2306084632873535,
          0.9246814250946045,
          -3.042780637741089,
          2.7561066150665283,
          1.1879572868347168,
          -4.050581932067871,
          3.355999231338501,
          1.9113879203796387,
          -3.2022759914398193,
          6.030787467956543
        ],
        [
          -5.181211948394775,
          -4.660934925079346,
          1.508793830871582,
          6.343857765197754,
          -2.617279529571533,
          -0.5906012058258057,
          6.080048561096191,
          1.048973798751831,
          0.6379640698432922,
          0.23713624477386475
        ],
        [
          -0.4564521908760071,
          -1.181276559829712,
          6.073819160461426,
          -3.061246156692505,
          2.133502244949341,
          2.6485559940338135,
          -1.368375301361084,
          2.0357823371887207,
          0.4197899401187897,
          0.029317623004317284
        ],
        [
          -2.911940336227417,
          -0.6553014516830444,
          1.2811022996902466,
          2.865556240081787,
          -0.5278109312057495,
          -0.7240157723426819,
          -0.6874516010284424,
          0.11700932681560516,
          2.1745657920837402,
          1.1478753089904785
        ]
      ],
      "properties": {
        "type": "basic",
        "a_norm": 9.095638275146484,
        "b_norm": 9.491507530212402,
        "expected_norm": 28.795320510864258
      }
    },
    {
      "id": 1,
      "name": "basic_10x10_10x10_sample_1",
      "matrix_a_shape": [
        10,
        10
      ],
      "matrix_b_shape": [
        10,
        10
      ],
      "matrix_a": [
        [
          0.3577873706817627,
          0.5607845187187195,
          1.0830512046813965,
          1.0538020133972168,
          -1.377669334411621,
          -0.9378250241279602,
          0.5150352716445923,
          0.5137859582901001,
          0.5150476694107056,
          3.852731466293335
        ],
        [
          0.570890486240387,
          1.1355656385421753,
          0.954001784324646,
          0.6513912677764893,
          -0.31526923179626465,
          0.758969247341156,
          -0.7728252410888672,
          -0.2368186116218567,
          -0.48536354303359985,
          0.08187413960695267
        ],
        [
          2.3146586418151855,
          -1.867265224456787,
          0.6862601637840271,
          -1.6127158403396606,
          -0.4719318747520447,
          1.0889506340026855,
          0.06428001821041107,
          -1.077744722366333,
          -0.7153037190437317,
          0.6795977354049683
        ],
        [
          -0.7303666472434998,
          0.21645858883857727,
          0.045571841299533844,
          -0.6516003608703613,
          2.143944025039673,
          0.6339190006256104,
          -2.0251426696777344,
          0.18645431101322174,
          -0.6617864370346069,
          0.8524333238601685
        ],
        [
          -0.7925207614898682,
          -0.11473643779754639,
          0.5049872994422913,
          0.8657552003860474,
          -1.200296401977539,
          -0.3345012366771698,
          -0.4749453067779541,
          -0.6533292531967163,
          1.7654542922973633,
          0.40498170256614685
        ],
        [
          -1.2608839273452759,
          0.9178619384765625,
          2.1221561431884766,
          1.0324652194976807,
          -1.5193699598312378,
          -0.4842340648174286,
          1.2669111490249634,
          -0.7076694369316101,
          0.44381943345069885,
          0.774634063243866
        ],
        [
          -0.9269304871559143,
          -0.05952535569667816,
          -3.241267442703247,
          -1.0243875980377197,
          -0.25256815552711487,
          -1.2477831840515137,
          1.6324113607406616,
          -1.4301413297653198,
          -0.44004449248313904,
          0.13074058294296265
        ],
        [
          1.4412733316421509,
          -1.4358621835708618,
          1.1631637811660767,
          0.010233061388134956,
          -0.9815086722373962,
          0.4621034860610962,
          0.19905969500541687,
          -0.6002168655395508,
          0.06980208307504654,
          -0.38531360030174255
        ],
        [
          0.11351734399795532,
          0.6621306538581848,
          1.5860167741775513,
          -1.237815499305725,
          2.133033275604248,
          -1.9520877599716187,
          -0.15178509056568146,
          0.5883172154426575,
          0.28099188208580017,
          -0.622699499130249
        ],
        [
          -0.20812225341796875,
          -0.49300092458724976,
          -0.589364767074585,
          0.8496021032333374,
          0.3570154905319214,
          -0.6929095983505249,
          0.8995998501777649,
          0.30729952454566956,
          0.8128620982170105,
          0.6296288371086121
        ]
      ],
      "matrix_b": [
        [
          -0.8289949893951416,
          -0.5601810216903687,
          0.7472935914993286,
          0.6103702783584595,
          -0.020901594310998917,
          0.11732738465070724,
          1.2776648998260498,
          -0.5915713906288147,
          0.547097384929657,
          -0.20219264924526215
        ],
        [
          -0.21768119931221008,
          1.0987768173217773,
          0.8254163265228271,
          0.8135096430778503,
          1.305478811264038,
          0.0210038423538208,
          0.681952953338623,
          -0.31026676297187805,
          0.32416635751724243,
          -0.13014306128025055
        ],
        [
          0.09699596464633942,
          0.5951570272445679,
          -0.8182206749916077,
          2.0923871994018555,
          -1.0060173273086548,
          -1.214188575744629,
          1.1581108570098877,
          0.7916626930236816,
          0.6241198182106018,
          0.6283454895019531
        ],
        [
          -0.012246772646903992,
          -0.8972543478012085,
          0.07580456137657166,
          -0.677161693572998,
          0.9751197099685669,
          -0.14705738425254822,
          -0.8254972100257874,
          -0.32138583064079285,
          0.4129314422607422,
          -0.5637245774269104
        ],
        [
          -0.8222203850746155,
          0.2436872124671936,
          0.2449665665626526,
          -0.5069431662559509,
          -0.4710383117198944,
          0.23204994201660156,
          -1.4480843544006348,
          -1.407463788986206,
          -0.7184442281723022,
          -0.21344715356826782
        ],
        [
          0.3109075725078583,
          1.4753562211990356,
          0.857659637928009,
          -0.1599385291337967,
          -0.019016208127141,
          -1.0025293827056885,
          -0.018513135612010956,
          -0.28865864872932434,
          0.3227185606956482,
          -0.8272309303283691
        ],
        [
          0.5193465352058411,
          1.5327389240264893,
          -0.10876014828681946,
          0.40171173214912415,
          0.6901440024375916,
          -0.4012204706668854,
          0.2240924835205078,
          0.012592400424182415,
          0.0976760983467102,
          -0.7730097770690918
        ],
        [
          0.024510174989700317,
          0.49799829721450806,
          1.4511436223983765,
          0.9592708349227905,
          2.1531825065612793,
          -0.7673475742340088,
          0.8723206520080566,
          0.18334200978279114,
          2.189802885055542,
          -0.8082982897758484
        ],
        [
          -0.8397218585014343,
          -0.5993926525115967,
          -2.1238956451416016,
          -0.5257550477981567,
          -0.7591326832771301,
          0.1503937840461731,
          0.3417559862136841,
          1.8761708736419678,
          0.9504238367080688,
          -0.5769036412239075
        ],
        [
          -0.898414671421051,
          0.4919191598892212,
          -1.3202332258224487,
          1.8314588069915771,
          1.1794401407241821,
          -0.46917566657066345,
          -1.713134527206421,
          1.3538724184036255,
          -0.11453984677791595,
          1.237816333770752
        ]
      ],
      "expected_result": [
        [
          -3.0991320610046387,
          1.0272578001022339,
          -6.708705902099609,
          10.56063461303711,
          6.944197654724121,
          -3.126774787902832,
          -2.624337673187256,
          8.625923156738281,
          3.3993775844573975,
          4.669430732727051
        ],
        [
          -0.21386481821537018,
          0.9828954935073853,
          1.8696017265319824,
          2.7332324981689453,
          0.7017844915390015,
          -1.6169583797454834,
          1.8275091648101807,
          -0.7724323868751526,
          0.9515215158462524,
          0.5786467790603638
        ],
        [
          -0.7023983597755432,
          0.32356399297714233,
          -0.6259143352508545,
          3.099532127380371,
          -5.479108810424805,
          -1.1901646852493286,
          2.1388304233551025,
          0.0028172731399536133,
          -1.997564673423767,
          2.3905882835388184
        ],
        [
          -2.252255439758301,
          0.5212962627410889,
          1.386050820350647,
          0.3531145453453064,
          -0.893713116645813,
          -0.008692145347595215,
          -5.288898944854736,
          -2.6689679622650146,
          -2.421889066696167,
          2.3851335048675537
        ],
        [
          -0.5057465434074402,
          -2.856682062149048,
          -6.7961649894714355,
          -0.4487159252166748,
          -1.8223657608032227,
          -0.01164698600769043,
          -0.24312281608581543,
          6.146724224090576,
          1.1107767820358276,
          0.9153609275817871
        ],
        [
          1.7093596458435059,
          2.6712729930877686,
          -5.7603044509887695,
          5.581448078155518,
          0.7486714124679565,
          -2.986272096633911,
          1.3207030296325684,
          5.855214595794678,
          1.2010223865509033,
          1.907274842262268
        ],
        [
          1.3640451431274414,
          -0.3406296968460083,
          -0.7903289794921875,
          -6.620231628417969,
          0.8817296028137207,
          5.4834184646606445,
          -5.000272274017334,
          -1.8445301055908203,
          -6.599068641662598,
          0.13192372024059296
        ],
        [
          0.5573632121086121,
          -1.4845787286758423,
          -1.435387134552002,
          1.3239524364471436,
          -4.273696422576904,
          -1.3939082622528076,
          3.81862735748291,
          1.2602332830429077,
          0.7230885028839111,
          0.2618492543697357
        ],
        [
          -2.1709065437316895,
          -0.0561319962143898,
          -0.8163325190544128,
          3.210787296295166,
          -2.6939189434051514,
          0.6793984174728394,
          2.0444886684417725,
          -1.267778992652893,
          0.20489485561847687,
          1.4536694288253784
        ],
        [
          -1.0702075958251953,
          -1.1190848350524902,
          -2.7322449684143066,
          -1.0248175859451294,
          2.03519606590271,
          0.5634934902191162,
          -2.821349620819092,
          1.6791551113128662,
          0.6904458999633789,
          -0.8793999552726746
        ]
      ],
      "properties": {
        "type": "basic",
        "a_norm": 10.807979583740234,
        "b_norm": 8.86134147644043,
        "expected_norm": 30.75017547607422
      }
    },
    {
      "id": 2,
      "name": "basic_10x10_10x10_sample_2",
      "matrix_a_shape": [
        10,
        10
      ],
      "matrix_b_shape": [
        10,
        10
      ],
      "matrix_a": [
        [
          -1.5944277048110962,
          -0.5993750095367432,
          0.005243699532002211,
          0.0469805933535099,
          -0.4500654637813568,
          0.6228499412536621,
          -1.0676203966140747,
          -0.14237947762012482,
          0.12029562890529633,
          0.514438807964325
        ],
        [
          0.7116149067878723,
          -1.1246421337127686,
          -1.534114122390747,
          1.2776768207550049,
          0.33231401443481445,
          -0.7484865188598633,
          1.551151990890503,
          0.11567463725805283,
          1.1792972087860107,
          0.06751848012208939
        ],
        [
          2.0607478618621826,
          1.755340814590454,
          -0.24896414577960968,
          0.9715709686279297,
          0.6453759670257568,
          1.3686316013336182,
          -0.9649234414100647,
          0.6860514879226685,
          1.058424472808838,
          -1.7587394714355469
        ],
        [
          -1.1832585334777832,
          -2.0392322540283203,
          -0.26940682530403137,
          0.7175422310829163,
          1.502357006072998,
          0.07409477978944778,
          1.6286154985427856,
          -1.3801014423370361,
          -1.7033824920654297,
          -0.055547699332237244
        ],
        [
          0.3840654492378235,
          -0.032694749534130096,
          -2.0674421787261963,
          -0.0891200378537178,
          -1.3044694662094116,
          0.6696725487709045,
          0.3665982484817505,
          -0.9398797750473022,
          -0.5138669013977051,
          -1.0592135190963745
        ],
        [
          -0.06267909705638885,
          0.9551423192024231,
          -0.9857260584831238,
          0.5040464997291565,
          -0.5302576422691345,
          -0.7928728461265564,
          -0.10703036189079285,
          -1.0352423191070557,
          -0.5536493062973022,
          -1.1978778839111328
        ],
        [
          1.964725136756897,
          0.0352635532617569,
          -0.6997255086898804,
          0.21397991478443146,
          -0.11232805252075195,
          -0.22096960246562958,
          0.6141666769981384,
          0.7575076818466187,
          -0.530501127243042,
          -0.5758182406425476
        ],
        [
          -0.27505168318748474,
          -2.3019211292266846,
          -1.5151910781860352,
          1.3668742179870605,
          1.6449676752090454,
          -0.24903604388237,
          0.5765569806098938,
          0.31125015020370483,
          3.078880786895752,
          1.1195749044418335
        ],
        [
          -0.1279175877571106,
          -0.9555404186248779,
          -1.6064462661743164,
          0.2034636288881302,
          -0.7563507556915283,
          -1.4222537279129028,
          -0.6465728878974915,
          -1.0815479755401611,
          1.6871416568756104,
          0.8816397786140442
        ],
        [
          -0.007972640916705132,
          1.479944109916687,
          0.07736830413341522,
          -0.8612841963768005,
          1.523124098777771,
          0.5389100313186646,
          -1.0372461080551147,
          -0.19033867120742798,
          -0.8756182789802551,
          -1.382799744606018
        ]
      ],
      "matrix_b": [
        [
          0.9261775612831116,
          1.909416675567627,
          -1.3985675573349,
          0.5629692077636719,
          -0.6506425738334656,
          -0.4871253967285156,
          -0.5923939347267151,
          -0.8639907836914062,
          0.048521626740694046,
          -0.830950140953064
        ],
        [
          0.27045682072639465,
          -0.05023811012506485,
          -0.2389480471611023,
          -0.9075636863708496,
          -0.5767713189125061,
          0.7553912401199341,
          0.5009171962738037,
          -0.9775552153587341,
          0.0993323028087616,
          0.7513871192932129
        ],
        [
          -1.669405221939087,
          0.54336017370224,
          -0.6626237630844116,
          0.5705986618995667,
          -0.7632591724395752,
          -1.8048820495605469,
          -1.627542495727539,
          0.04808494821190834,
          0.259722501039505,
          -0.9043166041374207
        ],
        [
          0.6385924816131592,
          -1.661520004272461,
          -0.06607979536056519,
          -1.2110161781311035,
          -0.651836097240448,
          0.04739867150783539,
          -0.8604133725166321,
          -0.38455554842948914,
          1.0062928199768066,
          -0.5768918991088867
        ],
        [
          0.8356921076774597,
          -1.129706859588623,
          0.5298041701316833,
          1.4415686130523682,
          -2.471644401550293,
          -0.7968952655792236,
          0.5770721435546875,
          -0.20304538309574127,
          0.3711458742618561,
          -0.6039851903915405
        ],
        [
          0.08658979088068008,
          -0.15567722916603088,
          1.1677820682525635,
          0.25442084670066833,
          0.3376026749610901,
          -0.41187697649002075,
          -0.4876062273979187,
          -0.43255817890167236,
          0.39445215463638306,
          -0.4209844768047333
        ],
        [
          0.2897748649120331,
          2.0754008293151855,
          0.8711246848106384,
          -0.32602351903915405,
          1.2012139558792114,
          -0.40807536244392395,
          -2.0381245613098145,
          -1.0080863237380981,
          -1.8707919120788574,
          -0.35151347517967224
        ],
        [
          0.01841837912797928,
          1.676437258720398,
          0.3269273638725281,
          -0.21910053491592407,
          0.8294056057929993,
          -2.2111353874206543,
          0.23561455309391022,
          0.7708652019500732,
          -1.478586196899414,
          1.143754005432129
        ],
        [
          0.3384964168071747,
          -0.41528791189193726,
          0.6327818632125854,
          2.270692825317383,
          0.18186625838279724,
          0.24822059273719788,
          -0.45936089754104614,
          -0.8498443961143494,
          0.830335795879364,
          -0.8560838103294373
        ],
        [
          0.07156623899936676,
          -0.4776574373245239,
          0.47897982597351074,
          0.33366209268569946,
          1.0375399589538574,
          -0.5100163817405701,
          -0.2698749303817749,
          -0.9787636995315552,
          -0.4442932605743408,
          0.377300500869751
        ]
      ],
      "expected_result": [
        [
          -2.174220323562622,
          -5.428160667419434,
          2.2014100551605225,
          -0.07381123304367065,
          1.82625412940979,
          0.9367811679840088,
          1.9802124500274658,
          2.1283950805664062,
          2.069521188735962,
          1.1558561325073242
        ],
        [
          4.800424098968506,
          1.091097116470337,
          1.675235629081726,
          1.456567406654358,
          1.693426251411438,
          1.0462608337402344,
          -2.7247984409332275,
          -2.367074728012085,
          -1.485519528388977,
          -2.0687761306762695
        ],
        [
          4.042698860168457,
          0.7029725313186646,
          -2.049504280090332,
          1.507775068283081,
          -6.151942729949951,
          -0.22395887970924377,
          1.0495468378067017,
          -2.2815840244293213,
          4.417793273925781,
          -2.140573263168335
        ],
        [
          0.3884066343307495,
          -3.4039366245269775,
          3.018777847290039,
          -1.7684599161148071,
          -1.5600903034210205,
          0.3210049867630005,
          -2.515638828277588,
          1.1861214637756348,
          -1.4169700145721436,
          -2.3716301918029785
        ],
        [
          2.5483834743499756,
          1.0336403846740723,
          0.1169871985912323,
          -3.9698126316070557,
          3.32371187210083,
          6.620448112487793,
          1.671608328819275,
          -0.010471820831298828,
          -0.08346529304981232,
          0.9197035431861877
        ],
        [
          1.3327243328094482,
          -1.9738354682922363,
          -2.083329916000366,
          -4.436264514923096,
          -1.3741142749786377,
          6.110422134399414,
          2.318638563156128,
          0.28266608715057373,
          1.6369056701660156,
          0.9000183939933777
        ],
        [
          2.9921278953552246,
          6.21518087387085,
          -2.453099250793457,
          -1.5654046535491943,
          -0.028933584690093994,
          -1.240422248840332,
          -0.8227584362030029,
          -0.7502832412719727,
          -2.450105905532837,
          -0.04848111420869827
        ],
        [
          5.173267841339111,
          -5.418506622314453,
          5.517611026763916,
          8.830982208251953,
          0.2945668697357178,
          -0.7438869476318359,
          -1.447697639465332,
          -2.3905367851257324,
          1.7724926471710205,
          -3.8681392669677734
        ],
        [
          2.1065104007720947,
          -4.60813045501709,
          -0.030302410945296288,
          2.752899646759033,
          2.66499662399292,
          6.0625529289245605,
          2.343686580657959,
          -0.8207461833953857,
          2.662616014480591,
          -0.34219399094581604
        ],
        [
          0.3338060677051544,
          -1.8687267303466797,
          -1.0827512741088867,
          0.0025631349999457598,
          -6.926499366760254,
          0.8376642465591431,
          4.821967124938965,
          1.3492014408111572,
          2.187100410461426,
          0.7734980583190918
        ]
      ],
      "properties": {
        "type": "basic",
        "a_norm": 10.598790168762207,
        "b_norm": 9.261143684387207,
        "expected_norm": 28.87071418762207
      }
    },
    {
      "id": 3,
      "name": "basic_20x20_20x20_sample_0",
      "matrix_a_shape": [
        20,
        20
      ],
      "matrix_b_shape": [
        20,
        20
      ],
      "matrix_a": [
        [
          0.7569886445999146,
          -0.9221653342247009,
          0.8696058988571167,
          1.3556379079818726,
          0.4134348928928375,
          1.876795768737793,
          -0.7737892270088196,
          -1.244654655456543,
          -1.7787202596664429,
          1.4960442781448364,
          0.6543656587600708,
          -0.05558466911315918,
          0.27996861934661865,
          -1.1254889965057373,
          2.445751905441284,
          0.12922118604183197,
          0.10939479619264603,
          0.7257665991783142,
          0.48100924491882324,
          0.22388403117656708
        ],
        [
          -0.7904744744300842,
          0.47146835923194885,
          1.8820245265960693,
          1.345420002937317,
          1.593186616897583,
          -0.5112156867980957,
          -0.9896048307418823,
          -0.1257869154214859,
          0.05572491139173508,
          1.094191551208496,
          -1.6924645900726318,
          1.529550313949585,
          -0.1580079048871994,
          -0.4268810749053955,
          -1.0121043920516968,
          -1.6548566818237305,
          0.8231706023216248,
          0.07331796735525131,
          -1.2899608612060547,
          -1.2950787544250488
        ],
        [
          -0.3357847034931183,
          1.669021487236023,
          -0.25959134101867676,
          -1.5031429529190063,
          -0.245743066072464,
          -0.27272355556488037,
          -2.6968865394592285,
          -0.05429486557841301,
          -0.2309345304965973,
          0.6962063908576965,
          1.8489561080932617,
          1.1265649795532227,
          -0.2688886821269989,
          -1.1065258979797363,
          2.573359727859497,
          0.05921843275427818,
          0.013929291628301144,
          -0.02412508800625801,
          0.198084756731987,
          -0.14436040818691254
        ],
        [
          -0.5736619830131531,
          -0.5468589663505554,
          -0.032753270119428635,
          -0.5434247851371765,
          -0.7128458023071289,
          0.10643022507429123,
          -0.2549772262573242,
          1.503993034362793,
          -2.6509697437286377,
          1.091506838798523,
          1.2460851669311523,
          -2.073390245437622,
          -0.34268760681152344,
          -0.3714408576488495,
          -1.4075117111206055,
          -0.7778167128562927,
          -1.110575795173645,
          1.7522704601287842,
          0.9356784224510193,
          1.2715550661087036
        ],
        [
          0.7216720581054688,
          -1.1290518045425415,
          -0.5245202779769897,
          0.4893745481967926,
          -1.2221277952194214,
          0.7129984498023987,
          -0.24032539129257202,
          -0.3748207986354828,
          0.7109599709510803,
          0.4442633092403412,
          -0.36096617579460144,
          1.1593297719955444,
          -1.0810632705688477,
          0.6159356236457825,
          0.5931012630462646,
          -0.30954644083976746,
          0.32613301277160645,
          -1.2511135339736938,
          0.9240270256996155,
          -0.1849021315574646
        ],
        [
          -0.5227230191230774,
          1.0490092039108276,
          -0.7043436765670776,
          -1.408461332321167,
          -1.5566291809082031,
          0.6060099601745605,
          -1.2804293632507324,
          1.7547942399978638,
          -2.0819294452667236,
          1.6964563131332397,
          0.21101747453212738,
          -0.0967131108045578,
          -0.5449190735816956,
          0.39913612604141235,
          -0.037634704262018204,
          1.1033018827438354,
          0.11422764509916306,
          0.1503017544746399,
          -0.36361220479011536,
          -0.056945621967315674
        ],
        [
          0.3078017830848694,
          -1.7101683616638184,
          -1.348185420036316,
          0.7432640790939331,
          0.17086543142795563,
          -0.18398334085941315,
          0.018433932214975357,
          0.3475817143917084,
          -0.5397596955299377,
          -0.7783046960830688,
          0.19584526121616364,
          -0.9783727526664734,
          0.4082527458667755,
          -1.7025835514068604,
          1.0291556119918823,
          0.47259747982025146,
          0.25602972507476807,
          0.9826909899711609,
          1.6654744148254395,
          1.014370083808899
        ],
        [
          -1.840874195098877,
          -1.2795770168304443,
          -0.6248185634613037,
          0.02609105035662651,
          0.5176590085029602,
          -0.72574383020401,
          0.18676675856113434,
          -0.7553829550743103,
          -0.6115177869796753,
          -1.4066611528396606,
          -0.9232332706451416,
          -1.3516845703125,
          -0.9758732318878174,
          1.0536417961120605,
          -0.9493988752365112,
          2.6323821544647217,
          0.4933179020881653,
          0.18483611941337585,
          -0.8583577871322632,
          0.7003098726272583
        ],
        [
          -0.5756378173828125,
          0.12200981378555298,
          2.560084581375122,
          -0.0960598960518837,
          1.1492732763290405,
          -0.7031764388084412,
          -0.034988489001989365,
          1.7708005905151367,
          -0.6269670724868774,
          1.812448501586914,
          0.7077519297599792,
          -0.5624668002128601,
          0.6324077248573303,
          0.9725544452667236,
          0.6218099594116211,
          -1.5702247619628906,
          -0.7271371483802795,
          -0.2475186288356781,
          -0.07443343102931976,
          0.6206721067428589
        ],
        [
          0.17770099639892578,
          -1.3353443145751953,
          0.3801978528499603,
          0.6105857491493225,
          0.5597904324531555,
          1.0807807445526123,
          0.8339221477508545,
          0.45918008685112,
          -0.0701657086610794,
          -1.6609609127044678,
          0.4296182096004486,
          0.20768769085407257,
          0.271578848361969,
          -1.276748538017273,
          -1.0810565948486328,
          1.0531527996063232,
          -0.039555154740810394,
          0.6815006732940674,
          0.0283183753490448,
          0.02975613996386528
        ],
        [
          0.9382838010787964,
          -0.5160447359085083,
          0.09612077474594116,
          -0.46227529644966125,
          -0.4344962239265442,
          -0.309172123670578,
          0.22213377058506012,
          -0.478748619556427,
          1.255756139755249,
          -0.8946073055267334,
          -0.18687164783477783,
          -0.43973106145858765,
          1.4469778537750244,
          0.1965547800064087,
          1.0318444967269897,
          -1.485560417175293,
          0.26705026626586914,
          0.8896307945251465,
          0.08228398859500885,
          1.065480351448059
        ],
        [
          -0.5172884464263916,
          1.409347414970398,
          2.298898220062256,
          -0.3628385663032532,
          -0.44550251960754395,
          1.453384518623352,
          1.5795722007751465,
          -0.522860050201416,
          -0.4201868176460266,
          -0.2817845940589905,
          -1.3444504737854004,
          -0.9186519384384155,
          -1.0041407346725464,
          -0.767797589302063,
          -0.034684889018535614,
          0.23421473801136017,
          1.550500512123108,
          -0.9983540177345276,
          0.9843223690986633,
          -0.21398884057998657
        ],
        [
          -0.04946370795369148,
          0.6748194694519043,
          -1.1227220296859741,
          0.3824097514152527,
          0.16645221412181854,
          0.4924512505531311,
          0.28916865587234497,
          2.4553000926971436,
          -0.6377399563789368,
          -0.5309969782829285,
          -0.6231405138969421,
          -0.5554771423339844,
          -0.6373871564865112,
          1.189016580581665,
          1.4205042123794556,
          -0.5707463026046753,
          -0.8323555588722229,
          0.47141554951667786,
          -0.5522230267524719,
          0.6329318284988403
        ],
        [
          0.2029230147600174,
          -1.5157440900802612,
          1.547505259513855,
          1.7958776950836182,
          -0.6127886772155762,
          -0.3877015709877014,
          0.2858653962612152,
          0.33445680141448975,
          0.6585443019866943,
          2.010204553604126,
          -0.176947221159935,
          -0.7982972264289856,
          -1.379319190979004,
          -0.7309300303459167,
          -0.03312697261571884,
          1.794557809829712,
          -0.5176113247871399,
          0.22378794848918915,
          -0.016422895714640617,
          1.188393235206604
        ],
        [
          2.52693247795105,
          -0.5308687686920166,
          -0.4894394278526306,
          1.0441608428955078,
          0.6818915009498596,
